89
59
-35
-92
6
35
-104
101
-78
93
-84
122
28
-108
30
-18
68
-94
-10
-21
-119
-82
-64
-118
-125
-93
-103
28
-31
110
-60
64
-48
-52
84
32
-39
-109
61
77
91
10
-69
-119
94
-36
-51
-127
73
-113
127
-44
107
-18
-74
-41
14
-94
36
35
-41
-76
-76
-126
-101
-52
-18
-82
-128
-55
-30
107
45
49
67
82
-61
-15
-100
-121
89
48
71
-120
54
126
-61
33
-112
-121
-114
15
83
108
54
-64
-32
-32
74
107
81
45
112
1
-39
-79
-90
11
-86
-59
-15
77
-60
-24
-91
86
-8
-32
-7
-122
-57
-102
16
116
-111
-38
97
-47
47
-15
-96
-7
-32
87
-23
-89
-91
57
64
-19
95
-35
11
72
-68
-115
-97
-34
59
58
-93
-54
-87
-84
0
-27
2
18
96
-90
-83
95
56
84
74
59
99
108
-76
32
5
78
-19
-44
66
81
-84
45
70
-95
-128
88
-119
-2
-16
-37
50
36
41
-21
75
-67
114
61
-121
30
8
78
81
-60
60
-104
79
104
-22
113
113
115
-12
42
5
17
-3
119
-69
98
51
-88
-58
-59
98
21
-29
-61
23
62
-96
77
118
107
-72
-108
12
-54
31
-31
-56
-69
-109
62
-113
-71
-61
-73
-38
-22
-4
8
-5
108
-108
-16
77
40
35
-72
26
51
0
126
-121
-10
59
-127
-119
101
-81
-120
-36
61
90
-72
-21
22
-48
-53
-114
97
8
61
-34
19
-30
56
-6
42
-48
-32
-122
-62
97
71
105
-7
0
-34
68
98
-115
52
95
-113
-121
-25
53
71
19
7
-94
-66
66
75
110
110
-27
-105
-94
76
0
-120
76
6
57
-55
4
34
-55
-104
-65
112
-114
9
-51
109
29
-37
-49
-69
-19
90
-21
-7
-41
-28
-64
-19
30
113
112
121
-95
-42
-46
111
115
-46
-29
-66
-4
2
51
51
-118
-32
-88
34
-53
67
-112
52
0
1
39
-45
121
-92
-92
67
60
-110
-91
-29
-62
-84
81
42
30
-64
124
1
-50
101
-23
-29
-68
-91
-24
-54
11
49
22
6
-117
-56
-86
-62
-46
13
-49
-31
-23
19
-34
-68
-42
23
20
-93
48
-79
80
-16
43
-66
86
121
-127
-67
40
11
-72
-73
94
-118
74
39
-22
-74
26
-46
117
-39
4
61
-1
-65
67
72
-128
-121
19
24
-96
103
-112
95
-18
-119
-65
-98
75
-3
-48
-72
87
-79
-80
-55
72
105
-47
22
-13
-49
30
18
-107
-118
-16
-117
76
84
-13
-119
123
43
119
-49
-79
-18
71
-19
-69
122
8
-91
60
-68
6
-47
64
-68
29
21
78
-23
-116
-72
36
11
24
-59
125
-93
19
107
63
-47
127
-72
95
-99
120
20
23
-49
-32
87
25
43
4
-121
-18
-10
55
48
123
53
125
-39
-78
-86
-17
-32
-25
-40
65
101
-40
-32
118
64
7
-70
24
72
-115
-81
28
39
-76
119
29
114
-85
42
-34
-60
-50
-78
-15
-13
-44
-97
-48
-108
-4
-85
126
-106
66
-115
28
-10
76
-87
108
-106
103
81
-23
100
-13
-1
126
102
52
91
-5
-41
10
78
-30
-119
-33
0
74
-12
63
-44
114
86
-78
95
112
-11
48
112
75
57
4
-46
82
-6
-39
77
-45
-106
127
-70
-39
-115
86
-86
-61
-22
15
-55
115
-108
110
-18
-85
2
43
-33
-11
-66
32
99
58
-21
-73
6
29
-54
-107
25
-30
-28
-77
79
112
-106
101
-47
116
-11
-35
-54
-86
15
127
-127
34
60
53
101
43
-7
34
-57
64
-27
-122
87
10
60
-77
120
-78
-46
29
118
-72
-10
25
-19
-16
83
-42
-116
47
79
-33
52
18
69
105
80
48
-119
17
-63
-127
-125
17
2
26
91
-3
91
-67
-81
-64
78
-47
-9
7
110
49
-36
-81
118
-7
-127
73
-43
74
64
-3
89
-110
84
18
-117
-52
-103
-103
116
25
-26
48
88
8
15
79
116
-63
62
-18
3
-27
-12
87
115
13
59
-123
-20
21
-28
76
-31
70
-124
78
50
-6
124
38
-24
127
-57
52
-83
-85
55
-54
-15
-126
-44
92
-62
-45
100
-84
-34
-97
-92
-111
87
-3
115
-103
-110
39
38
-21
-117
60
-14
-27
-68
-46
-3
109
-54
-72
-31
-53
-45
-16
-19
-77
114
-36
-94
-80
-109
-94
-15
3
75
-40
89
97
17
99
114
121
10
-67
15
64
-46
-126
21
4
-80
-42
119
45
42
7
0
-28
98
13
47
-89
81
59
-96
120
110
-74
-21
42
93
-114
-22
-23
-70
32
11
104
-103
48
96
-123
114
87
119
-71
54
-81
-28
-26
43
-32
91
-42
39
20
-66
38
-63
-48
-24