16
3
55
-115
-126
-70
40
-40
-61
-16
95
36
47
-66
-117
92
10
-91
73
-117
-46
23
10
-116
-71
-65
127
46
-64
-121
3
85
-57
-12
-7
14
-69
119
16
-115
102
115
-57
9
-61
-106
-108
40
84
61
-32
-16
-81
-21
-110
50
38
44
-77
-32
28
48
122
-30
115
-77
-67
48
59
-80
107
8
34
22
-121
-93
-18
-87
58
-33
85
-59
-30
-17
75
67
-65
-127
16
-46
95
-64
114
4
100
117
-123
26
-108
-73
65
5
114
28
84
-101
76
-56
32
-88
43
-2
114
90
-93
-89
53
114
32
108
103
59
-120
-74
-84
66
-4
28
-89
-55
25
-91
37
82
53
-67
92
-108
-95
82
114
2
34
70
-111
-114
15
-54
-77
110
54
80
102
-22
-87
99
105
125
19
-87
-108
79
116
-126
-36
-95
-8
48
113
-109
-27
10
115
-98
-12
-94
-128
5
3
87
50
36
44
51
63
-119
118
103
-124
-34
109
105
-81
34
42
34
88
-85
-117
-34
-78
63
-121
-93
-5
-93
121
-117
-18
-115
-53
-111
6
57
-126
11
-2
91
87
-104
50
38
-111
16
9
108
25
-18
100
106
-124
31
-53
78
-41
113
114
109
-125
-90
6
80
-118
-86
107
-56
55
105
-44
-93
-40
76
25
-113
79
-15
43
-113
42
-128
-29
40
-126
-46
-18
49
90
-110
-114
46
9
28
107
62
-65
36
72
57
80
-118
63
70
-38
-108
-57
8
-125
-30
-22
-79
-100
-94
58
79
-13
34
-123
-98
-126
0
103
119
20
117
-101
100
102
109
20
38
115
40
13
101
-124
-13
-7
23
-83
-32
-1
-27
66
80
120
-48
-110
-93
-121
-13
75
72
-73
119
68
29
-75
-63
-25
115
38
-93
-94
-126
64
38
127
15
-68
29
84
49
26
76
46
-36
16
-50
-60
-44
-62
-70
94
-30
-96
23
74
49
121
45
44
30
124
-113
-116
-83
-85
82
-14
60
108
-37
96
109
102
-127
101
-119
10
88
-29
-68
-9
-86
-69
42
100
-6
-16
64
-92
125
-123
-44
62
8
92
-56
44
-40
-98
-79
25
31
10
-103
-107
-42
-60
-33
-50
63
-96
122
-47
62
-24
98
51
-118
-120
14
-113
57
-95
16
-73
81
-47
14
-111
68
-75
-27
-26
-101
-10
-57
36
-9
-39
5
1
-119
45
83
57
29
101
-113
77
126
-90
47
-104
17
-54
-45
91
-96
-26
89
99
-13
-40
-22
95
60
-29
-17
37
13
-22
-34
41
22
-94
2
-90
-122
109
-49
46
-111
-74
124
79
99
118
-93
3
-99
-56
-53
110
108
100
-13
49
79
-58
68
-112
1
74
-100
-82
-119
-120
-40
32
-38
-57
-80
-78
-74
-100
-76
39
-72
98
42
79
45
-54
57
-82
-88
-25
44
14
-108
-109
-111
-60
21
-105
36
-44
-44
-49
-54
-4
68
-121
24
40
-82
8
-111
-104
90
58
-19
-82
75
112
94
-54
75
-11
-43
1
108
-117
-64
43
74
102
21
62
-20
-5
-118
127
127
-39
-73
-49
-78
11
-57
18
46
16
112
-98
58
25
127
-63
54
50
22
95
59
-96
3
-95
32
-24
-70
15
32
0
-58
8
107
-60
88
-35
97
6
-99
95
-14
-43
-65
-70
124
-115
-17
95
-34
97
-20
60
33
-27
-95
-120
25
24
123
43
1
53
-58
-5
-29
-10
9
-77
124
111
124
19
51
46
-38
84
-83
-120
28
88
32
18
-56
-86
-66
-36
-106
60
-107
-45
75
-115
-65
-33
-44
45
81
-109
51
-127
-89
-64
71
-32
69
-30
55
-6
-128
45
-3
92
73
-105
-40
9
28
-76
-128
-128
-35
-77
-68
42
-83
3
-52
-88
-100
-20
104
4
-108
-56
-120
-66
-62
-32
-106
-40
116
-49
-109
100
-66
-113
-25
-124
73
-90
89
60
-113
74
27
108
107
124
-58
54
-74
-62
-31
34
-63
97
-121
-52
75
121
-71
51
-59
-52
94
-92
127
-117
-53
-62
25
-87
25
-2
-57
-3
43
46
-58
123
-59
-14
-8
68
25
74
31
-23
-74
56
103
-24
92
-71
-18
-17
-84
-23
-77
-12
11
103
77
-54
-115
21
-4
23
-106
-123
34
-15
-31
40
32
110
-127
28
-116
93
-109
-35
83
57
83
94
-63
-18
-31
83
78
45
-40
-122
54
72
-17
107
55
-28
-118
-6
-22
-59
103
-35
-99
91
100
80
-26
62
-54
-60
-25
-65
127
6
81
47
-48
-109
-4
16
-70
57
38
-121
23
52
106
-43
-125
8
-68
-104
-75
-87
102
-35
-65
-83
10
-68
-101
59
57
-71
76
-63
102
103
102
109
-121
-61
20
-69
-47
84
-104
24
-86
100
24